obs_rms_mean,obs_rms_std,param_noise_stddev,reference_Q_mean,reference_Q_std,reference_action_mean,reference_action_std,reference_actor_Q_mean,reference_actor_Q_std,reference_perturbed_action_mean,reference_perturbed_action_std,rollout/1_win,rollout/2_draw,rollout/3_loss,rollout/4_count,rollout/5_successRate,rollout/Q_mean,rollout/actions_mean,rollout/actions_std,rollout/episode_steps,rollout/episodes,rollout/return,rollout/return_history,rollout/return_history_std,rollout/return_std,total/duration,total/episodes,total/epochs,total/steps,total/steps_per_second,train/loss_actor,train/loss_critic,train/param_noise_distance
0.26280081272125244,0.1628737449645996,0.07542848153938683,-269.6385498046875,43.51900100708008,-0.10529321432113647,0.3494146466255188,-267.6416320800781,44.41806411743164,-0.2824670672416687,0.39714285731315613,55.0,0.0,299.0,354.0,15.53672316384181,-155.85362243652344,-0.09694044291973114,0.593019962310791,140.78248587570621,354.0,-1406.8671875,-1462.469970703125,494.59710693359375,551.8904418945312,395.0794794559479,354.0,1,50000,126.55681350206673,265.5129089355469,567.5606079101562,0.35595735907554626
0.2546972334384918,0.1613195389509201,0.040701478966889394,-357.8337097167969,85.27728271484375,-0.139826238155365,0.5519403219223022,-355.50042724609375,85.61873626708984,-0.16331082582473755,0.5649862289428711,80.0,0.0,292.0,372.0,21.50537634408602,-242.0876007080078,-0.11048291623592377,0.587306559085846,137.6625344352617,726.0,-1375.3623046875,-1235.4000244140625,602.710205078125,559.8820190429688,795.465010881424,726.0,2,100000,125.7126317714388,357.8493347167969,810.7822875976562,0.21468022465705872
0.2491418868303299,0.16158069670200348,0.03142349394213421,-366.04119873046875,86.60404968261719,-0.1798429787158966,0.6299484372138977,-363.70733642578125,86.30976867675781,-0.07985872775316238,0.635337769985199,80.0,0.0,285.0,365.0,21.91780821917808,-280.4073181152344,-0.09952360391616821,0.6336178779602051,137.4610449129239,1091.0,-1373.265869140625,-1342.3399658203125,585.4390258789062,556.033935546875,1204.234534740448,1091.0,3,150000,124.56045369295933,366.2822570800781,1155.889892578125,0.29893791675567627
0.24743753671646118,0.1623714417219162,0.02901906944733551,-386.3638916015625,99.28947448730469,-0.08419483155012131,0.7080370187759399,-383.2542724609375,99.3381576538086,0.03640387952327728,0.7668176889419556,62.0,0.0,308.0,370.0,16.756756756756758,-296.6466064453125,-0.0840996652841568,0.6796407103538513,136.870636550308,1461.0,-1367.4449462890625,-1239.6199951171875,650.2384033203125,566.1572265625,1617.9480431079865,1461.0,4,200000,123.61336376155278,368.87469482421875,701.9940795898438,0.1720753163099289
0.24799899756908417,0.16300137341022491,0.02733727610437334,-398.0507507324219,102.60466003417969,0.012682422995567322,0.7008689045906067,-396.10638427734375,102.89685821533203,0.020835861563682556,0.7023783922195435,86.0,0.0,282.0,368.0,23.369565217391305,-306.2015380859375,-0.0948825404047966,0.7050185203552246,136.67905959540732,1829.0,-1365.4488525390625,-1300.300048828125,615.5791625976562,565.4613037109375,2028.9054987430573,1829.0,5,250000,123.21914458553117,374.87554931640625,740.389404296875,0.20327769219875336
0.24811047315597534,0.16324111819267273,0.028447279136688076,-402.54571533203125,113.13746643066406,-0.07958534359931946,0.6048455834388733,-401.23968505859375,112.99559020996094,-0.11322838068008423,0.6025224328041077,93.0,0.0,288.0,381.0,24.409448818897637,-320.21820068359375,-0.07950044423341751,0.7136991024017334,135.7027149321267,2210.0,-1355.61669921875,-1351.760009765625,554.4977416992188,570.3223876953125,2440.7777659893036,2210.0,6,300000,122.91164078119299,385.7024230957031,876.8222045898438,0.17658326029777527
0.24915844202041626,0.16328798234462738,0.026270585008002556,-403.50677490234375,117.54673767089844,-0.12108330428600311,0.6840210556983948,-402.85931396484375,117.22634887695312,-0.1944853663444519,0.6055645942687988,82.0,0.0,284.0,366.0,22.404371584699454,-331.1582946777344,-0.08620491623878479,0.7125192880630493,135.8319099378882,2576.0,-1356.892822265625,-1400.1300048828125,528.3955688476562,568.4463500976562,2842.0296111106873,2576.0,7,350000,123.15142623134643,394.0747375488281,877.7994384765625,0.2469448298215866
0.25062817335128784,0.16380256414413452,0.02426044449968572,-421.3370361328125,122.92096710205078,0.14543548226356506,0.7056889533996582,-419.2315673828125,123.03074645996094,0.19782544672489166,0.685299277305603,89.0,0.0,281.0,370.0,24.054054054054056,-336.7503967285156,-0.06532356888055801,0.7211388945579529,135.74236252545825,2946.0,-1355.951416015625,-1277.68994140625,579.743408203125,566.7586669921875,3252.6501631736755,2946.0,8,400000,122.97664363932456,404.11883544921875,651.4808349609375,0.2702561020851135
0.2517233192920685,0.16424249112606049,0.022854436146078055,-423.3822021484375,116.09358978271484,0.20586863160133362,0.7276169061660767,-420.6742858886719,115.36646270751953,0.30738943815231323,0.7051070928573608,94.0,0.0,278.0,372.0,25.268817204301076,-340.3820495605469,-0.03843890503048897,0.7332565188407898,135.58619650391802,3318.0,-1354.3321533203125,-1283.8499755859375,548.2086181640625,566.1305541992188,3660.865256547928,3318.0,9,450000,122.92175987496869,394.5655517578125,748.883544921875,0.18165472149848938
0.25290724635124207,0.16434913873672485,0.02240411346542305,-420.6115417480469,108.31173706054688,0.1051398292183876,0.7533386945724487,-416.7221984863281,107.49065399169922,0.1389976292848587,0.7488558888435364,129.0,0.0,259.0,388.0,33.24742268041237,-343.7610168457031,-0.01437879353761673,0.7466399669647217,134.9155423637345,3706.0,-1347.502197265625,-1395.8699951171875,497.3655700683594,566.9511108398438,4074.1233475208282,3706.0,10,500000,122.72578843354322,387.44354248046875,951.0418701171875,0.34416845440864563
0.2547262907028198,0.1642640233039856,0.02426044449968572,-426.44854736328125,112.11128997802734,0.23158465325832367,0.71409010887146,-424.68243408203125,111.73374938964844,0.10927338898181915,0.7394857406616211,84.0,0.0,273.0,357.0,23.52941176470588,-348.5980529785156,-0.006497582420706749,0.7505802512168884,135.33546640413488,4063.0,-1351.692138671875,-1356.760009765625,538.5025024414062,563.4712524414062,4485.609789133072,4063.0,11,550000,122.61432131979937,396.6562805175781,1101.52783203125,0.1624501496553421
0.2554962933063507,0.1642460823059082,0.024748079434129402,-430.3713684082031,108.72735595703125,0.017005419358611107,0.7546563148498535,-428.16461181640625,107.72526550292969,0.35023361444473267,0.6944571137428284,70.0,0.0,282.0,352.0,19.886363636363637,-353.5716247558594,0.00399864511564374,0.7534969449043274,135.89626274065685,4415.0,-1357.325927734375,-1361.949951171875,523.2928466796875,559.313232421875,4880.959742069244,4415.0,12,600000,122.92664387877838,403.0566711425781,843.7687377929688,0.22501905262470245
0.25602033734321594,0.16440199315547943,0.026270585008002556,-445.134521484375,113.57263946533203,-0.09224694967269897,0.7825058102607727,-443.34912109375,113.18628692626953,-0.18133819103240967,0.8143700361251831,87.0,0.0,287.0,374.0,23.262032085561497,-357.9143981933594,0.01519834902137518,0.7594335675239563,135.72624765086658,4789.0,-1355.6141357421875,-1190.469970703125,662.7568359375,559.8908081054688,5277.699434995651,4789.0,13,650000,123.15972290690624,408.5780944824219,976.2388305664062,0.23708727955818176
0.2566971480846405,0.16451600193977356,0.025245515830755405,-450.5171203613281,110.9826889038086,0.11560045927762985,0.8400036096572876,-449.03094482421875,110.67129516601562,0.4110634922981262,0.7586900591850281,105.0,0.0,281.0,386.0,27.202072538860104,-361.2063293457031,0.027125351130962372,0.7653499245643616,135.26222222222222,5175.0,-1350.944580078125,-1241.0899658203125,592.11962890625,562.1602783203125,5692.6643171310425,5175.0,14,700000,122.9652691611337,404.4061279296875,1542.2371826171875,0.2145121842622757
0.25725626945495605,0.16457323729991913,0.02152991267583435,-449.3824157714844,111.19115447998047,0.03789706528186798,0.884902834892273,-445.00738525390625,110.3038330078125,0.09440367668867111,0.8891719579696655,144.0,0.0,256.0,400.0,36.0,-363.3795471191406,0.029157932847738266,0.7726789712905884,134.52914798206277,5575.0,-1343.519775390625,-1357.06005859375,491.790771484375,564.1041870117188,6108.958083629608,5575.0,15,750000,122.77052645193321,401.1194152832031,1098.4945068359375,0.15453486144542694
0.26014479994773865,0.16537915170192719,0.019882513137642284,-456.7086486816406,117.71055603027344,0.13525506854057312,0.9251161813735962,-453.28424072265625,117.13450622558594,0.04824100062251091,0.9356434345245361,86.0,0.0,286.0,372.0,23.118279569892472,-364.7702331542969,0.04172293096780777,0.7780361771583557,134.49823440390114,5947.0,-1343.2130126953125,-1394.550048828125,533.9012451171875,564.734619140625,6524.88344502449,5947.0,16,800000,122.60755410275337,405.21148681640625,750.6882934570312,0.12290280312299728
0.26228776574134827,0.16583652794361115,0.021962663920618616,-457.069580078125,111.33968353271484,0.018035992980003357,0.9508767127990723,-454.38262939453125,110.05774688720703,0.027102338150143623,0.9566371440887451,110.0,0.0,273.0,383.0,28.720626631853786,-365.8402404785156,0.028182383626699448,0.7878755331039429,134.2650868878357,6330.0,-1340.8519287109375,-1242.0999755859375,600.7086791992188,566.018798828125,6942.263101816177,6330.0,17,850000,122.43845955328746,407.6988525390625,1039.610595703125,0.2649703621864319
0.2640630900859833,0.1661744862794876,0.022854436146078055,-454.37646484375,112.70203399658203,-0.05201798677444458,0.9429473876953125,-452.6094970703125,112.56262969970703,-0.03871558606624603,0.947754979133606,124.0,0.0,266.0,390.0,31.794871794871792,-367.5897216796875,0.022275002673268318,0.7981423735618591,133.91636904761904,6720.0,-1337.3167724609375,-1242.02001953125,587.1279907226562,567.598876953125,7359.093237876892,6720.0,18,900000,122.29767593753863,412.3336181640625,694.5263061523438,0.20367538928985596
0.26582297682762146,0.16656643152236938,0.021962663920618616,-461.08624267578125,109.18620300292969,0.009720873087644577,0.919725775718689,-458.6720275878906,108.48992919921875,-0.1402246206998825,0.9227852821350098,119.0,0.0,282.0,401.0,29.67581047381546,-370.3928527832031,0.025961969047784805,0.8066127300262451,133.40626316528576,7121.0,-1332.1842041015625,-1219.93994140625,627.3104858398438,571.1774291992188,7782.009449958801,7121.0,19,950000,122.07643875387859,414.915771484375,1099.906494140625,0.13714055716991425
0.26672083139419556,0.16652412712574005,0.02152991267583435,-453.0358581542969,113.47579193115234,0.2902619540691376,0.8746682405471802,-449.42999267578125,113.74080657958984,0.23072713613510132,0.8859951496124268,174.0,0.0,246.0,420.0,41.42857142857143,-371.8741455078125,0.02278151363134384,0.8135803937911987,132.5983291340671,7541.0,-1324.0081787109375,-1181.199951171875,559.7677612304688,572.5882568359375,8206.000408411026,7541.0,20,1000000,121.86204609190796,411.14813232421875,813.4710693359375,0.2563678026199341
0.2671296000480652,0.16638609766960144,0.019106704324195603,-433.84027099609375,117.78678894042969,0.37843140959739685,0.8478520512580872,-432.884765625,117.38513946533203,0.35663166642189026,0.8557762503623962,177.0,0.0,247.0,424.0,41.74528301886792,-372.8421325683594,0.02678314968943596,0.8195006251335144,131.81757689893283,7965.0,-1316.112060546875,-1253.8699951171875,601.6143188476562,574.6221313476562,8625.945547819138,7965.0,21,1050000,121.72578579115506,408.23297119140625,1491.6993408203125,0.22564518451690674
0.2675251066684723,0.16619040071964264,0.017644720880324885,-435.8871765136719,117.13188171386719,0.25459063053131104,0.885018527507782,-433.5091857910156,117.86722564697266,-0.05605289340019226,0.9089922308921814,137.0,0.0,267.0,404.0,33.910891089108915,-374.56982421875,0.02765999734401703,0.8210886716842651,131.42896403393476,8369.0,-1312.1849365234375,-1143.489990234375,645.423095703125,576.3914184570312,9047.641486883163,8369.0,22,1100000,121.57864583767241,410.6485595703125,918.4135131835938,0.23455968499183655
0.26800498366355896,0.1660064458847046,0.018730226766195082,-444.97381591796875,104.82804870605469,-0.08388128131628036,0.9232895970344543,-443.42205810546875,105.20709991455078,-0.03170107305049896,0.92942875623703,151.0,0.0,255.0,406.0,37.19211822660098,-375.8498229980469,0.02907455526292324,0.823737621307373,131.0460398860399,8775.0,-1308.304931640625,-1197.5,607.3235473632812,577.836181640625,9466.999472379684,8775.0,23,1150000,121.47460273502358,401.89862060546875,910.90625,0.1296015977859497
0.26808127760887146,0.16592030227184296,0.019490749081111935,-451.3704528808594,108.17523956298828,0.5914273262023926,0.7587793469429016,-447.7633361816406,108.69105529785156,0.5283079147338867,0.8102828860282898,185.0,0.0,256.0,441.0,41.950113378684804,-376.80450439453125,0.03212698921561241,0.8277044892311096,130.20290798611111,9216.0,-1299.8016357421875,-985.760009765625,647.0407104492188,580.7276000976562,9896.426378965378,9216.0,24,1200000,121.2558911720469,409.7314147949219,783.8994750976562,0.22571143507957458
0.2683317959308624,0.16583581268787384,0.01695622994987775,-446.8009948730469,102.19051361083984,-0.1572413444519043,0.9014233350753784,-445.468994140625,102.26630401611328,-0.11978310346603394,0.9037031531333923,108.0,0.0,268.0,376.0,28.723404255319153,-378.0992736816406,0.03539958968758583,0.8306108117103577,130.30806922435363,9592.0,-1300.8515625,-1422.75,533.8406372070312,579.6559448242188,10312.400104045868,9592.0,25,1250000,121.21329539081664,407.30645751953125,1315.3768310546875,0.25793278217315674
0.2686302661895752,0.16576063632965088,0.01695622994987775,-440.588134765625,96.25505065917969,0.09342864155769348,0.9544955492019653,-437.99151611328125,96.46432495117188,0.09060391783714294,0.9483798146247864,90.0,0.0,283.0,373.0,24.128686327077748,-379.48956298828125,0.03165016323328018,0.8318313956260681,130.44254892122427,9965.0,-1302.210693359375,-1257.9000244140625,605.0155029296875,578.9932250976562,10726.774328947067,9965.0,26,1300000,121.19207136593197,400.0187072753906,1026.70068359375,0.2663792669773102
0.26912784576416016,0.16571642458438873,0.01695622994987775,-466.5949401855469,103.11612701416016,0.014261120930314064,0.9265344142913818,-464.8214111328125,102.97599792480469,-0.10624495148658752,0.9209859371185303,153.0,0.0,257.0,410.0,37.31707317073171,-380.49639892578125,0.02879873290657997,0.8343955874443054,130.11807228915663,10375.0,-1298.9268798828125,-1224.7900390625,555.3701171875,579.7384643554688,11150.874261379242,10375.0,27,1350000,121.066740450629,410.5020446777344,1077.9781494140625,0.29185107350349426
0.2692978084087372,0.1655929982662201,0.01662212523270047,-470.725830078125,98.24726867675781,0.018616802990436554,0.9562957286834717,-468.69744873046875,98.58155822753906,-0.005689021199941635,0.9672332406044006,188.0,0.0,248.0,436.0,43.11926605504588,-381.1380920410156,0.027194906026124954,0.8376120924949646,129.4963463139395,10811.0,-1292.6446533203125,-1079.8900146484375,580.2978515625,581.0783081054688,11574.560124397278,10811.0,28,1400000,120.95492052860213,407.9277038574219,898.625244140625,0.11262745410203934
0.2694358229637146,0.16552892327308655,0.015973535632157008,-458.677734375,102.78450775146484,-0.13445548713207245,0.9331958293914795,-457.71649169921875,102.91519927978516,-0.1344212144613266,0.9478672742843628,212.0,0.0,234.0,446.0,47.53363228699551,-381.7815856933594,0.02331473119556904,0.8401991128921509,128.79665985608955,11257.0,-1285.5682373046875,-1068.530029296875,622.772705078125,583.0255737304688,12002.03784441948,11257.0,29,1450000,120.81281685628065,404.8369445800781,529.2277221679688,0.20823633670806885
0.2693423628807068,0.1654876172542572,0.0156587938752642,-456.3779296875,102.56072235107422,-0.22391071915626526,0.9004449844360352,-456.1243896484375,102.21607971191406,-0.22935223579406738,0.905420184135437,182.0,0.0,242.0,424.0,42.924528301886795,-381.8744201660156,0.026232749223709106,0.8432641625404358,128.41272151356904,11681.0,-1281.67822265625,-1151.72998046875,628.4580688476562,583.5640869140625,12425.861322879791,11681.0,30,1500000,120.71597783230074,395.4721984863281,961.5142211914062,0.16566552221775055
0.2695210874080658,0.165469229221344,0.014460633428115275,-464.28448486328125,98.57461547851562,0.05799082666635513,0.9154541492462158,-463.53314208984375,98.69710540771484,-0.05285932123661041,0.9223575592041016,155.0,0.0,261.0,416.0,37.25961538461539,-381.92681884765625,0.026956679299473763,0.8454036116600037,128.1258163180954,12097.0,-1278.78173828125,-1217.5,642.7833251953125,584.5203857421875,12850.594309568405,12097.0,31,1550000,120.61698958513442,399.4848327636719,673.7380981445312,0.3367654085159302
0.26965251564979553,0.16548505425453186,0.015047793132436803,-459.59478759765625,97.8867416381836,0.22884556651115417,0.9341393113136292,-456.9848937988281,97.74686431884766,0.21263808012008667,0.934986412525177,124.0,0.0,273.0,397.0,31.234256926952142,-382.10260009765625,0.02476034127175808,0.8466439247131348,128.05842804546182,12494.0,-1278.1011962890625,-1178.6500244140625,634.7097778320312,584.9356079101562,13273.24729681015,12494.0,32,1600000,120.5432223344859,391.8520202636719,755.9443969726562,0.18629249930381775
0.2690940499305725,0.16554994881153107,0.0156587938752642,-488.5947265625,98.19062042236328,0.0056062545627355576,0.9329691529273987,-488.60736083984375,97.92865753173828,0.1199166551232338,0.9069137573242188,110.0,0.0,287.0,397.0,27.70780856423174,-382.0850524902344,0.02510145679116249,0.8483172059059143,127.98355441781088,12891.0,-1277.3585205078125,-1186.77001953125,628.0467529296875,585.81982421875,13696.45538187027,12891.0,33,1650000,120.46912533180466,391.2955322265625,1202.27978515625,0.22335223853588104
0.2687283158302307,0.16538985073566437,0.014460633428115275,-496.26287841796875,103.53858947753906,0.07367047667503357,0.9592851400375366,-493.5600891113281,103.42327117919922,0.07298344373703003,0.9475957155227661,207.0,0.0,236.0,443.0,46.72686230248307,-382.46173095703125,0.025619998574256897,0.8500600457191467,127.48207589620519,13334.0,-1272.285888671875,-1115.3599853515625,601.8512573242188,586.8602905273438,14122.15480685234,13334.0,34,1700000,120.37823004001679,396.86956787109375,843.4135131835938,0.21600131690502167
0.2685275375843048,0.16521233320236206,0.0156587938752642,-498.831298828125,103.22093963623047,0.3190796673297882,0.8770894408226013,-497.68389892578125,103.72476196289062,0.37027907371520996,0.8645130395889282,198.0,0.0,232.0,430.0,46.04651162790698,-382.9010925292969,0.027653230354189873,0.8512148261070251,127.13281022958442,13764.0,-1268.742919921875,-1127.9300537109375,560.978515625,586.797119140625,14545.842028856277,13764.0,35,1750000,120.30929502247595,397.0774230957031,767.9929809570312,0.14469653367996216
0.2684498429298401,0.16505242884159088,0.015973535632157008,-494.9239807128906,103.49217987060547,0.24087126553058624,0.9300829768180847,-490.54290771484375,103.75840759277344,0.176087886095047,0.9469113945960999,203.0,0.0,234.0,437.0,46.453089244851256,-383.00445556640625,0.03228715434670448,0.851733922958374,126.75107386803747,14201.0,-1264.873779296875,-1049.27001953125,578.1740112304688,586.9365234375,14972.259814977646,14201.0,36,1800000,120.22233265010219,395.5028076171875,1145.4822998046875,0.24754908680915833
